              precision    recall  f1-score   support

          BA     0.9412    0.8953    0.9177       554
          BL     0.8720    0.8681    0.8700      2683
         BNE     0.4167    0.1437    0.2137       522
          EO     0.9653    0.9460    0.9556      1148
          LY     0.9377    0.9652    0.9512     10801
         MMY     0.4517    0.3604    0.4009       480
          MO     0.8641    0.8913    0.8775      3661
          MY     0.5817    0.5391    0.5596       588
          PC     0.7656    0.5444    0.6364        90
         PLY     1.0000    0.1429    0.2500        14
         PMY     0.5417    0.3421    0.4194       152
         SNE     0.9679    0.9863    0.9770     17354
         VLY     0.6099    0.4549    0.5211       488

    accuracy                         0.9240     38535
   macro avg     0.7627    0.6215    0.6577     38535
weighted avg     0.9160    0.9240    0.9185     38535
