              precision    recall  f1-score   support

          BA     0.9489    0.9043    0.9261       554
          BL     0.8844    0.8893    0.8868      2683
         BNE     0.3730    0.2222    0.2785       522
          EO     0.9721    0.9399    0.9557      1148
          LY     0.9457    0.9677    0.9566     10801
         MMY     0.4838    0.4042    0.4404       480
          MO     0.8798    0.8995    0.8895      3661
          MY     0.6124    0.5884    0.6002       588
          PC     0.8116    0.6222    0.7044        90
         PLY     1.0000    0.2143    0.3529        14
         PMY     0.6226    0.4342    0.5116       152
         SNE     0.9708    0.9840    0.9773     17354
         VLY     0.6351    0.4672    0.5384       488

    accuracy                         0.9289     38535
   macro avg     0.7800    0.6567    0.6937     38535
weighted avg     0.9232    0.9289    0.9253     38535
