              precision    recall  f1-score   support

          BA     0.8813    0.6968    0.7782       554
          BL     0.8562    0.6858    0.7616      2683
         BNE     0.3750    0.0172    0.0330       522
          EO     0.9520    0.7430    0.8346      1148
          LY     0.9286    0.7745    0.8446     10801
         MMY     0.4783    0.2292    0.3099       480
          MO     0.8411    0.7228    0.7774      3661
          MY     0.5604    0.4575    0.5037       588
          PC     0.0000    0.0000    0.0000        90
         PLY     0.0000    0.0000    0.0000        14
         PMY     0.4906    0.1711    0.2537       152
         SNE     0.7830    0.9912    0.8749     17354
         VLY     0.5634    0.1639    0.2540       488

    accuracy                         0.8248     38535
   macro avg     0.5931    0.4348    0.4789     38535
weighted avg     0.8221    0.8248    0.8099     38535
