              precision    recall  f1-score   support

          BA     0.9705    0.9513    0.9608       554
          BL     0.9020    0.9091    0.9055      2683
         BNE     0.5046    0.3142    0.3872       522
          EO     0.9694    0.9660    0.9677      1148
          LY     0.9525    0.9663    0.9594     10801
         MMY     0.5893    0.4604    0.5170       480
          MO     0.8931    0.9224    0.9076      3661
          MY     0.6693    0.7092    0.6887       588
          PC     0.8333    0.5556    0.6667        90
         PLY     0.8000    0.5714    0.6667        14
         PMY     0.6000    0.4934    0.5415       152
         SNE     0.9770    0.9850    0.9810     17354
         VLY     0.6368    0.5102    0.5666       488

    accuracy                         0.9385     38535
   macro avg     0.7922    0.7165    0.7474     38535
weighted avg     0.9345    0.9385    0.9359     38535
