              precision    recall  f1-score   support

          BA     0.9458    0.9458    0.9458       554
          BL     0.9075    0.8997    0.9036      2683
         BNE     0.4945    0.3467    0.4077       522
          EO     0.9641    0.9599    0.9620      1148
          LY     0.9542    0.9666    0.9604     10801
         MMY     0.5714    0.5083    0.5380       480
          MO     0.8963    0.9227    0.9093      3661
          MY     0.6924    0.7160    0.7040       588
          PC     0.8358    0.6222    0.7134        90
         PLY     0.8889    0.5714    0.6957        14
         PMY     0.6154    0.4737    0.5353       152
         SNE     0.9760    0.9843    0.9801     17354
         VLY     0.6300    0.4816    0.5459       488

    accuracy                         0.9383     38535
   macro avg     0.7979    0.7230    0.7539     38535
weighted avg     0.9347    0.9383    0.9360     38535
