              precision    recall  f1-score   support

          BA     0.9614    0.9440    0.9526       554
          BL     0.9161    0.8990    0.9074      2683
         BNE     0.5616    0.3142    0.4029       522
          EO     0.9678    0.9416    0.9545      1148
          LY     0.9521    0.9740    0.9629     10801
         MMY     0.6067    0.5271    0.5641       480
          MO     0.8973    0.9161    0.9066      3661
          MY     0.6944    0.7381    0.7156       588
          PC     0.8000    0.5778    0.6710        90
         PLY     1.0000    0.1429    0.2500        14
         PMY     0.6050    0.4737    0.5314       152
         SNE     0.9730    0.9870    0.9800     17354
         VLY     0.6697    0.4529    0.5403       488

    accuracy                         0.9398     38535
   macro avg     0.8158    0.6837    0.7184     38535
weighted avg     0.9356    0.9398    0.9367     38535
