              precision    recall  f1-score   support

          BA     0.8750    0.3412    0.4909       554
          BL     0.8474    0.3559    0.5013      2683
         BNE     0.4118    0.0268    0.0504       522
          EO     0.9469    0.3728    0.5350      1148
          LY     0.9390    0.3860    0.5471     10801
         MMY     0.5289    0.1333    0.2130       480
          MO     0.8434    0.3589    0.5035      3661
          MY     0.5714    0.2177    0.3153       588
          PC     0.6667    0.0222    0.0430        90
         PLY     0.0000    0.0000    0.0000        14
         PMY     0.5122    0.1382    0.2176       152
         SNE     0.5713    0.9951    0.7258     17354
         VLY     0.4607    0.0840    0.1421       488

    accuracy                         0.6382     38535
   macro avg     0.6288    0.2640    0.3296     38535
weighted avg     0.7307    0.6382    0.5969     38535
