              precision    recall  f1-score   support

          BA     0.9576    0.9368    0.9471       554
          BL     0.9035    0.9038    0.9037      2683
         BNE     0.5587    0.3831    0.4545       522
          EO     0.9696    0.9451    0.9572      1148
          LY     0.9508    0.9724    0.9615     10801
         MMY     0.5990    0.5229    0.5584       480
          MO     0.9102    0.9079    0.9091      3661
          MY     0.7013    0.7228    0.7119       588
          PC     0.8462    0.6111    0.7097        90
         PLY     0.8000    0.2857    0.4211        14
         PMY     0.6098    0.4934    0.5455       152
         SNE     0.9763    0.9870    0.9816     17354
         VLY     0.6658    0.5061    0.5751       488

    accuracy                         0.9405     38535
   macro avg     0.8037    0.7060    0.7413     38535
weighted avg     0.9370    0.9405    0.9382     38535
