              precision    recall  f1-score   support

          BA     0.9509    0.9079    0.9289       554
          BL     0.8794    0.8863    0.8829      2683
         BNE     0.3438    0.1686    0.2262       522
          EO     0.9713    0.9138    0.9417      1148
          LY     0.9463    0.9651    0.9556     10801
         MMY     0.4004    0.3896    0.3949       480
          MO     0.8708    0.9022    0.8862      3661
          MY     0.6367    0.5306    0.5788       588
          PC     0.8095    0.5667    0.6667        90
         PLY     0.6667    0.1429    0.2353        14
         PMY     0.5366    0.4342    0.4800       152
         SNE     0.9673    0.9837    0.9754     17354
         VLY     0.6143    0.4570    0.5241       488

    accuracy                         0.9253     38535
   macro avg     0.7380    0.6345    0.6674     38535
weighted avg     0.9188    0.9253    0.9212     38535
